0	0	0
LINE_INFO	28
0	3	10	20	190	20	
0	3	10	20	10	279	
0	3	190	20	190	279	
0	2	10	31	190	31	
0	2	40	31	40	279	
0	2	61	31	61	279	
0	2	112	31	112	279	
0	2	142	31	142	279	
0	2	172	31	172	279	
0	2	10	44	190	44	
0	2	10	57	190	57	
0	2	10	70	190	70	
0	2	10	83	190	83	
0	2	10	96	190	96	
0	2	10	109	190	109	
0	2	10	122	190	122	
0	2	10	135	190	135	
0	2	10	148	190	148	
0	2	10	161	190	161	
0	2	10	174	190	174	
0	2	10	187	190	187	
0	2	10	200	190	200	
0	2	10	213	190	213	
0	2	10	226	190	226	
0	2	10	239	190	239	
0	2	10	252	190	252	
0	2	10	265	190	265	
0	2	10	279	190	279	
LABEL_STRING	11
0	100	20	20	4	0	0	0	0	4	1	1	誤餐
0	100	26	20	4	0	0	0	0	4	1	0	夜點
0	120	22.5	160	6	0	10	2	0	6	0	0	費申請表
0	15	35	32	4	0	12	2	0	4	0	0	級職
0	42	35	32	4	0	10	0	0	4	0	0	姓名
0	75	35	35	4	0	3	0	0	4	0	0	加班事由
0	115	35	35	4	0	3	0	0	4	0	0	加班地點
0	150	33	50	4	0	0	0	0	4	0	0	加班起迄
0	150	37	50	4	0	0	0	0	4	0	0	日期時間
0	175	32.5	14	4	0	0	0	0	4	0	0	申請人
0	176	36.5	14	4	0	0	0	0	4	0	0	簽名
BLOCK_INFO	10
0	12	22	88	8	0	5	0	0	6	0	0	單位名稱
0	14	41.5	25	8	0	1	2	0	4	0	0	級職
0	43.5	41.5	38	8	0	0.5	0	0	4	0	3	姓名
0	62	41.5	50	9	0	0.5	4	0	4	0	0	加班事由
0	113	41.5	30	8	0	0.5	2	0	4	0	0	加班地點
0	144	46	20	7	0	0	0	0	3.3	0	0	加班起日
0	160	42	20	9	0	0	0	0	3.3	0	0	加班起時
0	160	50	23	9	0	0	0	0	3.3	0	0	加班迄時
0	40	228	10	4	0	0	0	0	4.5	0	0	總人數
0	175	41.5	15	8	0	0	0	0	4	0	3	申請人簽名
