0	0	0
LINE_INFO	48
0	2	9	17	195	17	
0	2	9	17	9	283	
0	2	195	17	195	283	
0	2	9	283	195	283	
0	1	29	17	29	272								
0	1	69	17	69	272								
0	1	109	17	109	272								
0	1	129	17	129	272								
0	1	175	17	175	272								
0	1	9	25	195	25								
0	1	9	33	195	33								
0	1	9	41	195	41								
0	1	9	49	195	49								
0	1	9	57	195	57								
0	1	9	65	195	65								
0	1	9	73	195	73								
0	1	9	81	195	81								
0	1	9	89	195	89								
0	1	9	97	195	97								
0	1	9	105	195	105								
0	1	9	113	195	113								
0	1	9	121	195	121								
0	1	9	129	195	129								
0	1	9	137	195	137								
0	1	9	145	195	145								
0	1	9	153	195	153								
0	1	9	161	195	161								
0	1	9	169	195	169								
0	1	9	177	195	177								
0	1	9	185	195	185								
0	1	9	193	195	193								
0	1	9	201	195	201								
0	1	9	209	195	209								
0	1	9	217	195	217								
0	1	9	225	195	225								
0	1	9	232	195	232								
0	1	9	240	195	240								
0	1	9	248	195	248								
0	1	9	256	195	256								
0	1	9	264	195	264								
0	1	9	272	195	272								
0	1	18	272	18	283								
0	1	55	272	55	283								
0	1	64	272	64	283								
0	1	101	272	101	283								
0	1	110	272	110	283								
0	1	147	272	147	283								
0	1	156	272	156	283								
LABEL_STRING	12
0	45	12	197	4	0	0	2	1	4	0	0	官兵攜帶「通訊裝備」、「文書資料」出入營區三聯單附件
0	11	19	16	3.5	0	0	6	1	3.5	0	0	區分
0	31	19	36	3.5	0	0	6	1	3.5	0	0	名稱機型
0	71	19	36	3.5	0	0	6	1	3.5	0	0	編（文）號
0	111	19	16	3.5	0	0	6	1	3.5	0	0	數量
0	131	19	37	3.5	0	0	6	1	3.5	0	0	內容概要
0	177	19	16	3.5	0	0	6	1	3.5	0	0	機密等級
0	10	272	8	11	0	0	3	1	3.5	0	0	通資文管核對
0	56	272	8	11	0	0	3	1	3.5	0	0	業務主管簽證
0	102	272	8	11	0	0	3	1	3.5	0	0	保密軍官認證
3	150	272.5	3.5	3.5	0	0	2	1	3.5	0	0	批
0	150	279	3.5	3.5	0	0	2	1	3.5	0	0	示
BLOCK_INFO	6
0	11	27	16	3.5	0	0	2	1	3.5	0	0	區分
0	31	26	36	7.2	0	0	2	1	3.5	0	0	名稱機型
0	71	26	36	7.2	0	0	2	1	3.5	0	0	編（文）號
0	111	27	17	3.5	0	0	2	1	3.5	0	0	數量
0	131	26	41	3.5	0	0	2	1	3.5	0	0	內容概要
0	177	27	16	3.5	0	0	2	1	3.5	0	0	機密等級
